initial_pose_x: 1.72396
initial_pose_y: 0.0492625
initial_pose_a: 1.23283
