initial_pose_x: 0.957095
initial_pose_y: 0.369273
initial_pose_a: 0.816697
