initial_pose_x: 0.424486
initial_pose_y: 0.00984501
initial_pose_a: 0.121355
