initial_pose_x: -0.618639
initial_pose_y: 0.601637
initial_pose_a: -0.0531251
