initial_pose_x: 1.55734
initial_pose_y: 0.880081
initial_pose_a: 3.12568
