initial_pose_x: 0.589543
initial_pose_y: 1.08954
initial_pose_a: 2.60716
