initial_pose_x: 1.40298
initial_pose_y: 0.844899
initial_pose_a: 3.0643
