initial_pose_x: 0.664915
initial_pose_y: 2.32071
initial_pose_a: 2.04067
